4.024723840547933662e+01
5.192841779949466741e+01
6.398337822882081838e+01
7.015807387917894289e+01
7.673160851134916527e+01
8.058009146150473612e+01
8.236338198751278128e+01
8.465200776796341131e+01
8.483994236672303657e+01
8.576499822506212922e+01
8.682996095136670078e+01
8.705757063208669422e+01
8.799515546367642571e+01
8.784480778466871698e+01
8.842531687861513490e+01
8.922299484223934485e+01
8.952995468688007463e+01
8.970953663680593593e+01
9.017102048487126353e+01
9.042159994988409721e+01
9.077449936311052170e+01
9.106475391008373776e+01
9.107519472112593917e+01
9.116080937167198783e+01
9.151162062268997488e+01
9.188748982020923961e+01
9.177055273653657252e+01
9.205871912130135115e+01
9.208586523001106627e+01
9.241579485894465051e+01
9.268099145941657468e+01
9.245964626532189357e+01
9.282089832738206781e+01
9.264340453966464395e+01
9.250140950949069918e+01
9.297751049301508885e+01
9.317588590281692973e+01
9.315082795631565205e+01
9.316126876735785345e+01
9.330535195974023566e+01
9.334920336611747871e+01
9.351625634279270116e+01
9.369166196830170179e+01
9.355384326254463190e+01
9.356637223579528495e+01
9.386915575601912565e+01
9.392762429785545919e+01
9.394850591993986200e+01
9.394224143331454968e+01
9.359769466892188916e+01
9.394850591993986200e+01
9.397147570423271645e+01
9.413644051869948726e+01
9.388168472926976449e+01
9.397147570423271645e+01
9.414061684311637634e+01
9.425128944016371690e+01
9.395477040656517431e+01
9.436196203721105746e+01
9.421579068262022361e+01
9.425546576458059178e+01
9.439328447033766167e+01
9.440581344358830052e+01
9.439954895696297399e+01
9.434734490175196697e+01
9.435778571279416838e+01
9.460001252897325230e+01
9.439328447033766167e+01
9.454780847376224528e+01
9.437866733487857118e+01
9.440163711917142564e+01
9.473365491031343311e+01
9.456242560922132157e+01
9.456242560922132157e+01
9.473574307252187054e+01
9.467101004406022469e+01
9.481509323644260689e+01
9.492994215790682233e+01
9.479421161435820409e+01
9.482553404748480830e+01
9.495708826661655166e+01
9.478585896552444012e+01
9.467101004406022469e+01
9.469397982835306493e+01
9.480465242540040549e+01
9.489653156257178068e+01
9.487147361607050300e+01
9.470024431497839146e+01
9.504687924157948942e+01
9.509073064795673247e+01
9.510743594562424619e+01
9.483806302073544714e+01
9.500302783520223215e+01
9.505105556599636429e+01
9.510743594562424619e+01
9.510743594562424619e+01
9.532460481530205243e+01
9.507193718808076710e+01
9.509073064795673247e+01
9.505523189041325338e+01
9.505105556599636429e+01
9.514502286537617692e+01
9.496752907765875307e+01
9.513875837875086461e+01
9.521184405604627443e+01
9.505105556599636429e+01
9.535592724842865664e+01
9.536427989726242060e+01
9.538724968155526085e+01
9.508237799912296850e+01
9.520766773162939955e+01
9.516172816304370485e+01
9.529328238217544822e+01
9.532042849088516334e+01
9.526822443567417054e+01
9.536636805947085804e+01
9.526822443567417054e+01
9.551253941406167769e+01
9.528492973334168425e+01
9.517425713629434370e+01
9.505940821483012826e+01
9.502808578170352405e+01
9.536636805947085804e+01
9.538098519492994853e+01
9.540186681701435134e+01
9.525569546242351748e+01
9.504270291716260033e+01
9.537263254609618457e+01
9.529954686880076054e+01
9.534548643738645524e+01
9.531625216646830268e+01
9.548539330535196257e+01
9.546659984547599720e+01
9.547704065651819860e+01
9.550836308964480281e+01
9.551462757627012934e+01
9.570256217502975460e+01
9.527448892229948285e+01
9.553968552277140702e+01
9.546659984547599720e+01
9.544989454780848348e+01
9.557100795589801123e+01
9.558980141577397660e+01
9.565453444423562246e+01
9.554177368497984446e+01
9.581532293428554681e+01
9.541439579026499018e+01
9.548748146756040001e+01
9.548748146756040001e+01
9.568376871515378923e+01
9.561485936227526850e+01
9.565035811981874758e+01
9.560650671344149032e+01
9.535592724842865664e+01
9.553968552277140702e+01
9.542066027689031671e+01
9.571509114828039344e+01
9.580070579882645632e+01
9.549792227860260141e+01
9.562738833552590734e+01
9.566288709306938642e+01
9.553968552277140702e+01
9.542692476351562902e+01
9.569003320177911576e+01
9.555430265823049751e+01
9.562947649773434478e+01
9.580905844766020607e+01
9.560650671344149032e+01
9.559606590239930313e+01
9.550836308964480281e+01
9.561903568669214337e+01
9.584455720520369937e+01
9.562112384890058081e+01
9.546033535885068488e+01
9.566706341748627551e+01
9.547704065651819860e+01
9.581114660986865772e+01
9.556056714485580983e+01
9.556891979368957379e+01
9.556683163148113636e+01
9.563991730877654618e+01
9.565871076865251155e+01
9.563156465994278221e+01
9.584873352962057425e+01
9.585499801624590077e+01
9.588005596274719267e+01
9.585917434066277565e+01
9.577564785232516442e+01
9.577982417674203930e+01
9.556891979368957379e+01
9.570882666165508112e+01
9.582785190753617144e+01
9.577147152790828954e+01
9.594270082900038688e+01
9.609096034579965817e+01
9.594896531562572761e+01
9.585917434066277565e+01
9.569420952619599063e+01
9.584455720520369937e+01
9.555221449602204586e+01
9.595940612666792902e+01
9.588005596274719267e+01
9.587379147612186614e+01
9.586335066507966474e+01
9.599490488421140810e+01
9.595522980225103993e+01
9.575685439244921326e+01
9.585708617845433821e+01
9.595940612666792902e+01
9.591973104470756084e+01
9.580488212324333119e+01
9.587379147612186614e+01
9.585499801624590077e+01
9.569420952619599063e+01
9.589676126041470638e+01
9.592599553133287316e+01
9.601787466850424835e+01
9.593643634237507456e+01
9.605546158825617908e+01
9.592599553133287316e+01
9.586961515170499126e+01
9.600952201967048438e+01
9.601369834408737347e+01
9.571509114828039344e+01
9.598864039758609579e+01
9.605337342604774165e+01
9.601369834408737347e+01
9.613898807659379031e+01
9.608887218359122073e+01
9.581532293428554681e+01
9.596358245108480389e+01
9.577982417674203930e+01
9.583411639416149796e+01
9.578191233895049095e+01
9.598028774875231761e+01
9.600743385746204694e+01
9.597819958654388017e+01
9.621416191609763757e+01
9.610557748125873445e+01
9.586752698949653961e+01
9.584664536741213681e+01
9.584455720520369937e+01
9.600952201967048438e+01
9.597819958654388017e+01
9.612228277892627659e+01
9.590093758483159547e+01
9.607425504813214445e+01
9.601996283071268579e+01
9.605337342604774165e+01
9.618910396959635989e+01
9.598028774875231761e+01
9.598446407316920670e+01
9.588214412495563010e+01
9.609513667021654726e+01
9.582576374532774821e+01
9.589467309820626895e+01
9.589676126041470638e+01
9.581741109649397004e+01
9.588423228716406754e+01
9.579861763661800467e+01
9.608469585917434586e+01
9.576520704128296302e+01
9.576938336569983790e+01
9.617239867192883196e+01
9.601996283071268579e+01
9.574850174361544930e+01
9.598864039758609579e+01
9.607425504813214445e+01
9.596567061329324133e+01
9.599908120862828298e+01
9.608051953475745677e+01
9.602831547954644975e+01
9.593434818016663712e+01
9.609931299463342214e+01
9.605546158825617908e+01
9.574014909478168533e+01
9.608260769696590842e+01
9.589049677378939407e+01
9.589676126041470638e+01
9.611184196788407519e+01
9.598864039758609579e+01
9.603249180396332463e+01
9.610140115684185957e+01
9.603875629058865115e+01
9.612854726555158891e+01
9.605963791267305396e+01
9.622460272713983898e+01
9.607634321034058189e+01
9.596567061329324133e+01
9.610975380567562354e+01
9.615569337426130403e+01
9.619328029401323477e+01
9.613689991438535287e+01
9.614734072542755428e+01
9.594687715341727596e+01
9.617866315855415849e+01
9.591973104470756084e+01
9.613689991438535287e+01
9.608051953475745677e+01
9.615360521205286659e+01
9.623086721376516550e+01
9.626427780910020715e+01
9.607216688592369280e+01
9.612228277892627659e+01
9.597193509991855365e+01
9.614942888763599171e+01
9.605337342604774165e+01
9.607007872371525536e+01
9.639583202823195052e+01
9.608469585917434586e+01
9.598028774875231761e+01
9.606381423708994305e+01
9.614525256321910263e+01
9.629977656664370045e+01
9.612854726555158891e+01
9.615778153646975568e+01
9.606590239929838049e+01
9.599908120862828298e+01
9.616404602309506799e+01
9.614942888763599171e+01
9.624966067364113087e+01
9.606172607488149140e+01
9.597819958654388017e+01
9.603040364175488719e+01
9.598655223537764414e+01
9.608051953475745677e+01
9.611393013009251263e+01
9.603040364175488719e+01
9.613689991438535287e+01
9.608678402138278329e+01
9.603040364175488719e+01
9.608051953475745677e+01
9.596775877550167877e+01
9.613481175217690122e+01
9.615986969867819312e+01
9.612228277892627659e+01
9.616613418530350543e+01
9.608469585917434586e+01
9.622251456493140154e+01
9.610348931905031122e+01
9.635198062185470746e+01
9.617866315855415849e+01
9.622460272713983898e+01
9.630395289106057533e+01
9.624130802480736691e+01
9.623921986259892947e+01
9.610348931905031122e+01
9.618283948297103336e+01
9.614525256321910263e+01
9.617866315855415849e+01
9.615360521205286659e+01
9.618492764517947080e+01
9.636033327068847143e+01
9.615778153646975568e+01
9.630604105326902697e+01
9.608678402138278329e+01
9.628515943118462417e+01
9.631857002651965161e+01
9.599699304641984554e+01
9.622877905155672806e+01
9.628724759339306161e+01
9.615569337426130403e+01
9.600116937083672042e+01
9.626010148468331806e+01
9.627680678235086020e+01
9.611184196788407519e+01
9.624130802480736691e+01
9.602622731733801231e+01
9.627680678235086020e+01
9.612437094113471403e+01
9.621207375388920013e+01
9.619328029401323477e+01
9.613272358996847800e+01
9.618492764517947080e+01
9.618910396959635989e+01
