7.861513082336234959e+01
8.849004990707678076e+01
9.104804861241620983e+01
9.255361356470170620e+01
9.305894881914427685e+01
9.379398191651527839e+01
9.357890120904592379e+01
9.423667230470462641e+01
9.413852868090792470e+01
9.465430474639269676e+01
9.480047610098351640e+01
9.523690200254756633e+01
9.538933784376369829e+01
9.508028983691453107e+01
9.552506838731233074e+01
9.534966276180333011e+01
9.561485936227526850e+01
9.532042849088516334e+01
9.551045125185324025e+01
9.573806093257324790e+01
9.570465033723819204e+01
9.570882666165508112e+01
9.562112384890058081e+01
9.579861763661800467e+01
9.577564785232516442e+01
9.584246904299526193e+01
9.585499801624590077e+01
9.594896531562572761e+01
9.566915157969471295e+01
9.616195786088664477e+01
9.609096034579965817e+01
9.612854726555158891e+01
9.631230553989433929e+01
9.616613418530350543e+01
9.612854726555158891e+01
9.615151704984444336e+01
9.641253732589947845e+01
9.624339618701580434e+01
9.628933575560148483e+01
9.631648186431121417e+01
9.599908120862828298e+01
9.623921986259892947e+01
9.625174883584956831e+01
9.605963791267305396e+01
9.628724759339306161e+01
9.620998559168076270e+01
9.621625007830608922e+01
9.628724759339306161e+01
9.638330305498131167e+01
9.637703856835598515e+01
9.624548434922425599e+01
9.621207375388920013e+01
9.617239867192883196e+01
9.642924262356700638e+01
9.642924262356700638e+01
9.645638873227672150e+01
9.633109899977030466e+01
9.640000835264883960e+01
9.655870868049029809e+01
9.658585478920002743e+01
9.632901083756185301e+01
9.648562300319488827e+01
9.631857002651965161e+01
9.625174883584956831e+01
9.623713170039049203e+01
9.654826786944809669e+01
9.664641149324479841e+01
9.659003111361690230e+01
9.666938127753763865e+01
9.631857002651965161e+01
9.654409154503122181e+01
9.643550711019231869e+01
9.640418467706571448e+01
9.655244419386498578e+01
9.670070371066424286e+01
9.653991522061433272e+01
9.660464824907599279e+01
9.666102862870388890e+01
9.660047192465910371e+01
9.672784981937397220e+01
9.648144667877799918e+01
9.662970619557727048e+01
9.648771116540333992e+01
9.661300089790975676e+01
9.668817473741360402e+01
9.666729311532920121e+01
9.675708409029213897e+01
9.663597068220259700e+01
9.657332581594938858e+01
9.660882457349286767e+01
9.654409154503122181e+01
9.664223516882792353e+01
9.670905635949800683e+01
9.662344170895195816e+01
9.671740900833177079e+01
9.663388251999414535e+01
9.663388251999414535e+01
9.665894046649543725e+01
9.672158533274864567e+01
9.667982208857984006e+01
9.668817473741360402e+01
9.665058781766167328e+01
9.654826786944809669e+01
9.657959030257470090e+01
9.675499592808370153e+01
9.676543673912590293e+01
9.679258284783561805e+01
9.685105138967195160e+01
9.675290776587524988e+01
9.680093549666938202e+01
9.647727035436112430e+01
9.688446198500699325e+01
9.688446198500699325e+01
9.664432333103634676e+01
9.685105138967195160e+01
9.681137630771158342e+01
9.688446198500699325e+01
9.680511182108627111e+01
9.692831339138425051e+01
9.669443922403891634e+01
9.674664327924993756e+01
9.675917225250057641e+01
9.672993798158240963e+01
9.667982208857984006e+01
9.680302365887781946e+01
9.676334857691745128e+01
9.676752490133434037e+01
9.683434609200443788e+01
9.662761803336883304e+01
9.645221240785983241e+01
9.662552987116038139e+01
9.657332581594938858e+01
9.671949717054020823e+01
9.679884733446093037e+01
9.680928814550314598e+01
9.671532084612333335e+01
9.691369625592516002e+01
9.696381214892772960e+01
9.682808160537909714e+01
9.665685230428699981e+01
9.688446198500699325e+01
9.692204890475892398e+01
9.697216479776149356e+01
9.696798847334461868e+01
9.675499592808370153e+01
9.697634112217836844e+01
9.683852241642129854e+01
9.688028566059011837e+01
9.676961306354277781e+01
9.695545950009396563e+01
9.692831339138425051e+01
9.683225792979598623e+01
9.683225792979598623e+01
9.686358036292259044e+01
9.693875420242645191e+01
9.687610933617322928e+01
9.698260560880369496e+01
9.691996074255048654e+01
9.694919501346865331e+01
9.674664327924993756e+01
9.691369625592516002e+01
9.683643425421286111e+01
9.679675917225250714e+01
9.693040155359268795e+01
9.688655014721543068e+01
9.689072647163231977e+01
9.699304641984589637e+01
9.707448474597507015e+01
9.698051744659524331e+01
9.694919501346865331e+01
9.698887009542900728e+01
9.686149220071415300e+01
9.690743176929983349e+01
9.693666604021800026e+01
9.689907912046608374e+01
9.696590031113616703e+01
9.696590031113616703e+01
9.694084236463488935e+01
9.701392804193029917e+01
9.692831339138425051e+01
9.692622522917579886e+01
9.678423019900186830e+01
9.682390528096223647e+01
9.671532084612333335e+01
9.669026289962204146e+01
9.691578441813359746e+01
9.670905635949800683e+01
9.665894046649543725e+01
9.662135354674352072e+01
9.687402117396479184e+01
9.687610933617322928e+01
9.678631836121030574e+01
9.685105138967195160e+01
9.694501868905176423e+01
9.695128317567707654e+01
9.670696819728956939e+01
9.683434609200443788e+01
9.676961306354277781e+01
9.688863830942388233e+01
9.673620246820773616e+01
9.693875420242645191e+01
9.694710685126020167e+01
9.683643425421286111e+01
9.689281463384075721e+01
9.687193301175635440e+01
9.684269874083818763e+01
9.704942679947377826e+01
9.678005387458497921e+01
9.691160809371672258e+01
9.692831339138425051e+01
9.703480966401470198e+01
9.695337133788552819e+01
9.689490279604919465e+01
9.695545950009396563e+01
9.704316231284846594e+01
9.691996074255048654e+01
9.671114452170644427e+01
9.681764079433689574e+01
9.684061057862975019e+01
9.669235106183047890e+01
9.688028566059011837e+01
9.689699095825763209e+01
9.691369625592516002e+01
9.706822025934974363e+01
9.699513458205433380e+01
9.693248971580112539e+01
9.697425295996993100e+01
9.697216479776149356e+01
9.708492555701727156e+01
9.703898598843157686e+01
9.696172398671927795e+01
9.679049468562718062e+01
9.688237382279855581e+01
9.693248971580112539e+01
9.693666604021800026e+01
9.695963582451085472e+01
9.682599344317065970e+01
9.697007663555304191e+01
9.694293052684332679e+01
9.691578441813359746e+01
9.680928814550314598e+01
9.694919501346865331e+01
9.694710685126020167e+01
9.695337133788552819e+01
9.695545950009396563e+01
9.685940403850571556e+01
9.686149220071415300e+01
9.703480966401470198e+01
9.687402117396479184e+01
9.684269874083818763e+01
9.702645701518093801e+01
9.684687506525506251e+01
9.682599344317065970e+01
9.697007663555304191e+01
9.692204890475892398e+01
9.699095825763744472e+01
9.699722274426278545e+01
9.694710685126020167e+01
9.690951993150828514e+01
9.688655014721543068e+01
9.682808160537909714e+01
9.698051744659524331e+01
9.701810436634717405e+01
9.697634112217836844e+01
9.691369625592516002e+01
9.683434609200443788e+01
9.693666604021800026e+01
9.687193301175635440e+01
9.682599344317065970e+01
9.692831339138425051e+01
9.684478690304662507e+01
9.701810436634717405e+01
9.686984484954791697e+01
9.691369625592516002e+01
9.704316231284846594e+01
9.684478690304662507e+01
9.698678193322056984e+01
9.690325544488295861e+01
9.703063333959781289e+01
9.694084236463488935e+01
9.690325544488295861e+01
9.711833615235231321e+01
9.697842928438682009e+01
9.692831339138425051e+01
9.684269874083818763e+01
9.694084236463488935e+01
9.700348723088809777e+01
9.687402117396479184e+01
9.676126041470901384e+01
9.687193301175635440e+01
9.686984484954791697e+01
9.690743176929983349e+01
9.694084236463488935e+01
9.701392804193029917e+01
9.694501868905176423e+01
9.703689782622313942e+01
9.692204890475892398e+01
9.692413706696736142e+01
9.694084236463488935e+01
9.696381214892772960e+01
9.690951993150828514e+01
9.697842928438682009e+01
9.685522771408882647e+01
9.698887009542900728e+01
9.693875420242645191e+01
9.690325544488295861e+01
9.691369625592516002e+01
9.679675917225250714e+01
9.682808160537909714e+01
9.697216479776149356e+01
9.686358036292259044e+01
9.683225792979598623e+01
9.689072647163231977e+01
9.675290776587524988e+01
9.672993798158240963e+01
9.680302365887781946e+01
9.675290776587524988e+01
9.683852241642129854e+01
9.694710685126020167e+01
9.679049468562718062e+01
9.686149220071415300e+01
9.695128317567707654e+01
9.683852241642129854e+01
9.703898598843157686e+01
9.674037879262461104e+01
9.686775668733946532e+01
9.683434609200443788e+01
9.705777944830754222e+01
9.697216479776149356e+01
9.700975171751341009e+01
9.702019252855561149e+01
9.681972895654534739e+01
9.697842928438682009e+01
9.691578441813359746e+01
9.695545950009396563e+01
9.680719998329469433e+01
9.694084236463488935e+01
9.702645701518093801e+01
9.700975171751341009e+01
9.690951993150828514e+01
9.690325544488295861e+01
9.673620246820773616e+01
9.690951993150828514e+01
9.693040155359268795e+01
9.687193301175635440e+01
9.697425295996993100e+01
9.693040155359268795e+01
9.688446198500699325e+01
9.695754766230241728e+01
9.698469377101213240e+01
9.693457787800956282e+01
9.700348723088809777e+01
9.687402117396479184e+01
9.688863830942388233e+01
9.700557539309653521e+01
9.679049468562718062e+01
9.700139906867964612e+01
9.695545950009396563e+01
9.681764079433689574e+01
9.690743176929983349e+01
9.689072647163231977e+01
9.695754766230241728e+01
9.690534360709139605e+01
9.703898598843157686e+01
9.702645701518093801e+01
9.700557539309653521e+01
9.683852241642129854e+01
9.683016976758754879e+01
9.691160809371672258e+01
9.691160809371672258e+01
9.675708409029213897e+01
9.689699095825763209e+01
9.680719998329469433e+01
9.687402117396479184e+01
9.677796571237652756e+01
