8.472798479972081509e+01
8.688975919965876926e+01
8.761293574779944038e+01
8.830509131800380374e+01
8.854744270813137064e+01
8.858815774167280210e+01
8.918918918918919303e+01
8.977083252549536496e+01
8.985614021482027169e+01
9.030206677265501014e+01
9.079646360851525344e+01
9.054829578502462084e+01
9.117647058823528994e+01
9.109116289891038321e+01
9.172127651324207420e+01
9.201597580363720397e+01
9.202373104812129156e+01
9.247935166156112530e+01
9.251425026173950528e+01
9.282058241886075223e+01
9.313854744270813057e+01
9.307068905347240673e+01
9.343324673310326034e+01
9.311140408701383819e+01
9.375702819031369017e+01
9.346814533328162611e+01
9.368916980107798054e+01
9.389662259102718167e+01
9.416805614797006285e+01
9.404784985846679035e+01
9.440459110473457827e+01
9.449377641630152880e+01
9.471673969521889092e+01
9.467020822831440796e+01
9.462755438365194038e+01
9.472061731746093471e+01
9.505990926363953974e+01
9.506184807476056164e+01
9.519368723098995133e+01
9.529838303152506285e+01
9.534297568730853811e+01
9.536042498739773521e+01
9.542440575439140105e+01
9.552134631044243918e+01
9.546318197681181061e+01
9.541665050990732766e+01
9.540695645430221816e+01
9.538175190972894768e+01
9.569196168909225264e+01
9.564543022218775548e+01
9.560083756640428021e+01
9.594788475706697284e+01
9.568614525572918694e+01
9.600798790181860909e+01
9.612431656907983779e+01
9.613401062468494729e+01
9.615145992477413017e+01
9.615533754701617397e+01
9.630850362557679034e+01
9.642289348171701135e+01
9.629105432548760746e+01
9.639187250378068939e+01
9.637442320369149229e+01
9.637442320369149229e+01
9.630850362557679034e+01
9.641901585947496756e+01
9.640738299274885037e+01
9.658381480476172953e+01
9.656636550467253244e+01
9.661483578269805150e+01
9.651595641552599147e+01
9.658187599364069342e+01
9.657024312691457624e+01
9.667881654969173155e+01
9.650432354879987429e+01
9.657993718251968573e+01
9.662065221606110299e+01
9.672922563883827252e+01
9.680290046143704785e+01
9.678157353910582117e+01
9.653340571561518857e+01
9.674279731668541160e+01
9.679902283919500405e+01
9.688626933964093269e+01
9.690371863973011557e+01
9.696382178448175182e+01
9.706076234053277574e+01
9.692116793981931266e+01
9.702392492923340228e+01
9.707433401837992903e+01
9.694831129551359084e+01
9.699290395129706610e+01
9.701616968474931468e+01
9.707239520725890713e+01
9.704137422932257095e+01
9.705494590716972425e+01
9.710923261855830901e+01
9.710729380743727290e+01
9.717709100779401865e+01
9.723137771918260341e+01
9.717709100779401865e+01
9.704331304044360706e+01
9.712474310752647000e+01
9.710535499631626521e+01
9.707627282950095093e+01
9.702974136259645377e+01
9.714413121873667478e+01
9.700647562914420519e+01
9.713831478537360908e+01
9.705106828492768045e+01
9.708402807398502432e+01
9.708402807398502432e+01
9.708984450734809002e+01
9.711698786304238240e+01
9.707627282950095093e+01
9.719454030788320154e+01
9.714994765209972627e+01
9.726627631936096918e+01
9.719260149676219385e+01
9.711698786304238240e+01
9.706076234053277574e+01
9.724107177478769870e+01
9.720617317460933293e+01
9.728954205281321777e+01
9.718872387452015005e+01
9.726045988599790348e+01
9.708790569622706812e+01
9.725852107487688158e+01
9.718290744115708435e+01
9.688045290627786699e+01
9.721974485245647202e+01
9.720035674124626723e+01
9.729341967505526156e+01
9.724688820815076440e+01
9.707239520725890713e+01
9.727984799720810827e+01
9.728954205281321777e+01
9.729535848617626925e+01
9.732831827523362733e+01
9.729729729729730536e+01
9.730311373066035685e+01
9.721780604133545012e+01
9.724107177478769870e+01
9.729535848617626925e+01
9.719066268564115774e+01
