8.313622086936291566e+01
8.728333785722594484e+01
8.713017177866532847e+01
8.862499515297218977e+01
8.998604055992865369e+01
8.968358602504945054e+01
8.981154755903679643e+01
9.076738144169993916e+01
9.076544263057893147e+01
9.098258947613324210e+01
9.082360696420954582e+01
9.165729574624840836e+01
9.227965411609601176e+01
9.248322928380316910e+01
9.182984993601922952e+01
9.185893210283454380e+01
9.309007716468261151e+01
9.245802473922989861e+01
9.302997401993098947e+01
9.272945829617277980e+01
9.344294078870835563e+01
9.361549497847919099e+01
9.316762960952344486e+01
9.334987785489937551e+01
9.375896700143472628e+01
9.410601419209740470e+01
9.396254216914188362e+01
9.421264880375353812e+01
9.409438132537127331e+01
9.448795998293846310e+01
9.404397223622474655e+01
9.453255263872193837e+01
9.436193726007212490e+01
9.432509984877273723e+01
9.469929039512970803e+01
9.475357710651827858e+01
9.500174493000891118e+01
9.496684632983054541e+01
9.493000891853115775e+01
9.511031835278606650e+01
9.491255961844197486e+01
9.492613129628911395e+01
9.541083407654426196e+01
9.511419597502811030e+01
9.537593547636589619e+01
9.545542673232773723e+01
9.547093722129589821e+01
9.518593198650587794e+01
9.534103687618753042e+01
9.554073442165264396e+01
9.546705959905385441e+01
9.558532707743610501e+01
9.549808057699019059e+01
9.569390050021327454e+01
9.557951064407305353e+01
9.580247392299042986e+01
9.588002636783124899e+01
9.591492496800961476e+01
9.585869944550002231e+01
9.555042847725773925e+01
9.582573965644266423e+01
9.584318895653186132e+01
9.587808755671022709e+01
9.588778161231532238e+01
9.600023265733452149e+01
9.597502811276125101e+01
9.600023265733452149e+01
9.608747915778045012e+01
9.592461902361472426e+01
9.581798441195859084e+01
9.592655783473573194e+01
9.617084803598433496e+01
9.616503160262126926e+01
9.613401062468494729e+01
9.613401062468494729e+01
9.637054558144944849e+01
9.581798441195859084e+01
9.630850362557679034e+01
9.625421691418821979e+01
9.621350188064678832e+01
9.612819419132188159e+01
9.626391096979331508e+01
9.616503160262126926e+01
9.630074838109271695e+01
9.647911900422660381e+01
9.647524138198456001e+01
9.639187250378068939e+01
9.635115747023924371e+01
9.653340571561518857e+01
9.646166970413742092e+01
9.650820117104191809e+01
9.654891620458334955e+01
9.611074489123268449e+01
9.660901934933498580e+01
9.643258753732210664e+01
9.643064872620109895e+01
9.654503858234131997e+01
9.648881305983171330e+01
9.663228508278723439e+01
9.658381480476172953e+01
9.656830431579355434e+01
9.676412423901663828e+01
9.660126410485089821e+01
9.667687773857070965e+01
9.671177633874907542e+01
9.685718717282561840e+01
9.686688122843072790e+01
9.671371514987009732e+01
9.673310326108031632e+01
9.673310326108031632e+01
9.679514521695296025e+01
9.679126759471093067e+01
9.679514521695296025e+01
9.671371514987009732e+01
9.674085850556438970e+01
9.680290046143704785e+01
9.677381829462173357e+01
9.682228857264725264e+01
9.685137073946256692e+01
9.677575710574275547e+01
9.691729031757726887e+01
9.705300709604870235e+01
9.693861723990848134e+01
9.697545465120788322e+01
9.685137073946256692e+01
9.681453332816316504e+01
9.679320640583193835e+01
9.676606305013764597e+01
9.688433052851991079e+01
9.709178331846911192e+01
9.704525185156461475e+01
9.712668191864747769e+01
9.693861723990848134e+01
9.709372212959013382e+01
9.693086199542440795e+01
9.687851409515685930e+01
9.696382178448175182e+01
9.704912947380665855e+01
9.700647562914420519e+01
9.703749660708054137e+01
9.712474310752647000e+01
9.692116793981931266e+01
9.711504905192136050e+01
9.698320989569195660e+01
9.714800884097871858e+01
