8.992012098181395174e+01
9.277405095195625506e+01
9.348947225561286700e+01
9.473418899530807380e+01
9.439295823800844687e+01
9.510062429718097121e+01
9.532746519834037713e+01
9.558920469967814881e+01
9.583155608980572993e+01
9.617084803598433496e+01
9.580053511186939375e+01
9.642289348171701135e+01
9.638799488153864559e+01
9.645391445965334754e+01
9.678157353910582117e+01
9.682810500601031833e+01
9.679708402807398215e+01
9.641901585947496756e+01
9.648493543758966950e+01
9.692892318430338605e+01
9.676994067237968977e+01
9.699872038466013180e+01
9.704719066268565086e+01
9.700453681802318329e+01
9.712086548528442620e+01
9.713637597425258718e+01
9.716545814106790147e+01
9.721780604133545012e+01
9.728372561945015207e+01
9.743883050913180455e+01
9.741362596455853406e+01
9.739423785334832928e+01
9.747179029818914842e+01
9.749505603164139700e+01
9.743107526464771695e+01
9.748148435379425791e+01
9.755322036527202556e+01
9.750668889836752840e+01
9.750281127612548460e+01
9.757066966536119423e+01
9.760556826553956000e+01
9.765791616580712287e+01
9.745821862034200933e+01
9.769087595486448095e+01
9.766761022141223236e+01
9.764822211020202758e+01
9.762107875450773520e+01
9.776067315522122669e+01
9.769475357710652474e+01
9.758811896545039133e+01
9.769669238822753243e+01
9.782659273333591443e+01
9.766954903253325426e+01
9.773740742176897811e+01
9.763658924347589618e+01
9.764240567683896188e+01
9.783047035557795823e+01
9.778781651091550486e+01
9.773546861064794200e+01
9.774710147737407340e+01
9.783047035557795823e+01
9.778587769979448296e+01
9.754740393190894565e+01
9.787506301136143350e+01
9.780526581100468775e+01
9.772965217728489051e+01
9.776261196634223438e+01
9.776455077746325628e+01
9.780720462212570965e+01
9.782465392221489253e+01
9.777618364418938768e+01
9.786149133351429441e+01
9.785179727790918491e+01
9.784598084454611922e+01
9.796037070068634023e+01
9.791383923378184306e+01
9.800302454534879359e+01
9.798945286750165451e+01
9.790996161153981348e+01
9.782271511109387063e+01
9.794486021171817924e+01
9.780332699988366585e+01
9.797200356741245741e+01
9.798751405638063261e+01
9.769669238822753243e+01
9.802435146768002028e+01
9.795649307844429643e+01
9.798363643413858881e+01
9.786536895575632400e+01
9.798751405638063261e+01
9.798751405638063261e+01
9.803986195664819547e+01
9.799914692310674980e+01
9.786924657799836780e+01
9.799526930086470600e+01
9.799720811198572790e+01
9.806894412346349554e+01
9.807863817906860504e+01
9.809220985691572992e+01
9.803792314552715936e+01
9.802822908992206408e+01
9.788087944472449919e+01
9.790220636705572588e+01
9.790996161153981348e+01
9.793710496723409165e+01
9.803792314552715936e+01
9.802435146768002028e+01
9.799526930086470600e+01
9.799139167862266220e+01
9.795067664508123073e+01
9.800690216759083739e+01
9.795455426732327453e+01
9.795455426732327453e+01
9.806118887897940795e+01
9.795455426732327453e+01
9.803016790104307177e+01
9.806894412346349554e+01
9.806506650122145174e+01
9.788281825584552109e+01
9.809027104579472223e+01
9.797200356741245741e+01
9.796230951180734792e+01
9.785567490015122871e+01
9.800884097871185929e+01
9.794679902283918693e+01
9.798557524525961071e+01
9.799526930086470600e+01
9.784016441118306773e+01
9.803986195664819547e+01
9.786924657799836780e+01
9.801271860095390309e+01
9.802435146768002028e+01
9.806118887897940795e+01
9.805149482337431266e+01
9.799720811198572790e+01
9.795261545620225263e+01
9.789832874481368208e+01
9.803210671216410788e+01
9.800690216759083739e+01
9.808057699018961273e+01
9.801659622319593268e+01
9.799526930086470600e+01
9.797782000077552311e+01
9.797975881189654501e+01
9.802629027880104218e+01
