8.660475396486873478e+01
8.876652836480670317e+01
9.017216642754662814e+01
9.113963317693590227e+01
9.230098103842723845e+01
9.277405095195625506e+01
9.322385513203303731e+01
9.314242506495017437e+01
9.381131490170227494e+01
9.419132188142231144e+01
9.449183760518050690e+01
9.466826941719337185e+01
9.506572569700260544e+01
9.501531660785606448e+01
9.507735856372872263e+01
9.492613129628911395e+01
9.533522044282446473e+01
9.515491100856954176e+01
9.546512078793284672e+01
9.532164876497731143e+01
9.578696343402225466e+01
9.516848268641669506e+01
9.555818372174182684e+01
9.599247741285043389e+01
9.577145294505409368e+01
9.583349490092675182e+01
9.614952111365310827e+01
9.588778161231532238e+01
9.613788824692697688e+01
9.634146341463414842e+01
9.655861026018844484e+01
9.653146690449416667e+01
9.664197913839234388e+01
9.660320291597193432e+01
9.662259102718213910e+01
9.651983403776803527e+01
9.620962425840474452e+01
9.676412423901663828e+01
9.676994067237968977e+01
9.684555430609950122e+01
9.688626933964093269e+01
9.680096165031602595e+01
9.673116444995928020e+01
9.658963123812478102e+01
9.679126759471093067e+01
9.696382178448175182e+01
9.691729031757726887e+01
9.672534801659622872e+01
9.681647213928418694e+01
9.675830780565357259e+01
9.689014696188297648e+01
9.698127108457093470e+01
9.683779906161541362e+01
9.706270115165381185e+01
9.715964170770483577e+01
9.718096863003606245e+01
9.708984450734809002e+01
9.688626933964093269e+01
9.713249835201054339e+01
9.690953507309318127e+01
9.733025708635464923e+01
9.717515219667299675e+01
9.672340920547520682e+01
9.726627631936096918e+01
9.705494590716972425e+01
9.723525534142464721e+01
9.727209275272402067e+01
9.710535499631626521e+01
9.732250184187056163e+01
9.716739695218892336e+01
9.725270464151381589e+01
9.723719415254565490e+01
9.730505254178137875e+01
9.732444065299158353e+01
9.708402807398502432e+01
9.739229904222730738e+01
9.741750358680056365e+01
9.746597386482608272e+01
9.737872736438015409e+01
9.740393190895343878e+01
9.759005777657139902e+01
9.740393190895343878e+01
9.741362596455853406e+01
9.730505254178137875e+01
9.745434099809996553e+01
9.751056652060955798e+01
9.751638295397262368e+01
9.748923959827833130e+01
9.751056652060955798e+01
9.760750707666059611e+01
9.766761022141223236e+01
9.751250533173057988e+01
9.741556477567955596e+01
9.769863119934856854e+01
9.750281127612548460e+01
9.755128155415098945e+01
9.746985148706812652e+01
9.758230253208732563e+01
9.757648609872425993e+01
9.754158749854589416e+01
9.760944588778160380e+01
9.752413819845671128e+01
9.750281127612548460e+01
9.755903679863507705e+01
9.763077281011284470e+01
9.753577106518282847e+01
9.770832525495366383e+01
9.757066966536119423e+01
9.763077281011284470e+01
9.772189693280081713e+01
9.753383225406182078e+01
9.755903679863507705e+01
9.757260847648223034e+01
9.769475357710652474e+01
9.772965217728489051e+01
9.771995812167978102e+01
9.759587420993446472e+01
9.765016092132304948e+01
9.768312071038039335e+01
9.773546861064794200e+01
9.786343014463531631e+01
9.769669238822753243e+01
9.777618364418938768e+01
9.765791616580712287e+01
9.771026406607468573e+01
9.765016092132304948e+01
9.751056652060955798e+01
9.776261196634223438e+01
9.771414168831672953e+01
9.770832525495366383e+01
9.776067315522122669e+01
9.757066966536119423e+01
9.780138818876264395e+01
9.763271162123385238e+01
9.753189344294078467e+01
9.766373259917018856e+01
9.768118189925937145e+01
9.784016441118306773e+01
9.763852805459691808e+01
9.763465043235487428e+01
9.762689518787080090e+01
9.779751056652060015e+01
9.776455077746325628e+01
9.778006126643143148e+01
9.779363294427855635e+01
