4.227066758545803538e+01
5.796947106851260401e+01
6.716364927227547810e+01
7.160517028962809150e+01
7.460377122094844538e+01
7.673160851134916527e+01
7.880097725991355162e+01
7.995155463676418606e+01
8.123368623274656386e+01
8.287915805299755334e+01
8.324667460168305411e+01
8.416755413560524346e+01
8.490676355739313408e+01
8.548309632692267712e+01
8.618471882895862279e+01
8.648750234918249191e+01
8.660026310843826991e+01
8.700119025245881232e+01
8.775710497191423087e+01
8.782601432479275161e+01
8.799933178809330059e+01
8.813297416943348139e+01
8.870095429012924626e+01
8.866127920816889230e+01
8.899747332372778885e+01
8.916452630040301131e+01
8.958842322871640818e+01
8.945269268516777572e+01
8.959468771534172049e+01
8.997890956169474919e+01
8.993088183090061705e+01
9.028378124412704153e+01
9.003737810353108273e+01
9.057403579110024339e+01
9.039863016559127118e+01
9.064712146839566742e+01
9.096869844849547349e+01
9.092902336653510531e+01
9.097078661070392513e+01
9.117333834492264089e+01
9.123598321117583509e+01
9.144897575643675225e+01
9.138841905239199548e+01
9.151997327152373884e+01
9.169955522144960014e+01
9.174340662782685740e+01
9.176220008770282277e+01
9.177264089874500996e+01
9.178308170978721137e+01
9.184155025162354491e+01
9.215686274509803866e+01
9.195639917308776035e+01
9.207124809455197578e+01
9.234479734385767813e+01
9.239908956127710837e+01
9.249305686065693521e+01
9.252646745599197686e+01
9.264131637745619230e+01
9.266219799954060932e+01
9.271440205475161633e+01
9.268099145941657468e+01
9.268516778383344956e+01
9.284595627388335970e+01
9.291904195117876952e+01
9.310488838772995734e+01
9.296080519534757514e+01
9.281881016517363037e+01
9.316753325398316576e+01
9.317170957840005485e+01
9.330952828415711053e+01
9.323017812023638839e+01
9.314247530748188808e+01
9.316544509177472833e+01
9.327402952661361724e+01
9.347240493641547232e+01
9.340140742132848573e+01
9.343690617887196481e+01
9.344734698991418043e+01
9.338470212366097201e+01
9.347031677420702067e+01
9.362484077763160428e+01
9.365825137296664593e+01
9.352669715383491678e+01
9.371880807701141691e+01
9.357681304683748635e+01
9.373760153688738228e+01
9.376474764559711161e+01
9.375221867234645856e+01
9.386080310718536168e+01
9.387542024264445217e+01
9.390465451356261894e+01
9.395268224435675108e+01
9.390047818914572986e+01
9.388586105368665358e+01
9.382112802522499351e+01
9.411973522103197354e+01
9.393597694668920894e+01
9.414688132974168866e+01
9.404247321931967463e+01
9.405291403036187603e+01
9.412599970765728585e+01
9.427843554887344624e+01
9.414061684311637634e+01
9.419908538495270989e+01
9.409885359894755652e+01
9.430766981979161301e+01
9.423458414249618897e+01
9.433272776629289069e+01
9.428052371108186946e+01
9.425964208899748087e+01
9.433481592850132813e+01
9.416776295182609147e+01
9.424293679132993873e+01
9.450813339180187711e+01
9.424084862912151550e+01
9.442669506567270332e+01
9.423458414249618897e+01
9.447472279646682125e+01
9.451230971621875199e+01
9.432437511745912673e+01
9.430558165758316136e+01
9.460210069118168974e+01
9.452275052726095339e+01
9.441416609242206448e+01
9.457077825805508553e+01
9.449351625634278662e+01
9.448725176971747430e+01
9.458121906909728693e+01
9.465848107080958584e+01
9.470650880160370377e+01
9.467727453068553700e+01
9.461880598884920346e+01
9.470650880160370377e+01
9.464595209755893279e+01
9.474618388356407195e+01
9.463551128651673139e+01
9.473574307252187054e+01
9.476080101902314823e+01
9.440163711917142564e+01
9.473156674810499567e+01
9.476080101902314823e+01
9.478168264110755104e+01
9.481926956085948177e+01
9.483806302073544714e+01
9.497796988870095447e+01
9.491114869803087117e+01
9.486729729165361391e+01
9.498214621311782935e+01
9.481091691202571781e+01
9.491323686023930861e+01
9.484223934515233623e+01
9.491741318465618349e+01
9.471694961264590518e+01
9.506567270145545478e+01
9.503643843053728801e+01
9.495500010440810001e+01
9.508028983691453107e+01
9.500511599741068380e+01
9.513458205433397552e+01
9.505732005262169082e+01
9.511996491887489924e+01
9.504479107937105198e+01
9.514711102758461436e+01
9.516590448746057973e+01
9.494455929336589861e+01
9.499676334857691984e+01
9.498423437532626679e+01
9.520557956942094791e+01
9.509073064795673247e+01
9.488609075152957928e+01
9.509699513458204478e+01
9.504896740378792686e+01
9.503017394391196149e+01
9.512622940550021156e+01
9.524525465138131608e+01
9.532042849088516334e+01
9.524107832696444120e+01
9.526822443567417054e+01
9.512414124329178833e+01
9.518052162291967022e+01
9.522228486708847583e+01
9.521602038046314931e+01
9.525778362463196913e+01
9.529745870659233731e+01
9.521810854267160096e+01
9.524525465138131608e+01
9.532251665309361499e+01
9.537054438388774713e+01
9.539977865480589969e+01
9.534548643738645524e+01
9.520349140721251047e+01
9.536219173505398317e+01
9.538516151934682341e+01
9.530372319321764962e+01
9.514502286537617692e+01
9.520557956942094791e+01
9.531207584205141359e+01
9.508237799912296850e+01
9.532878113971892731e+01
9.529745870659233731e+01
9.540186681701435134e+01
9.539351416818058738e+01
9.541857211468186506e+01
9.533086930192737896e+01
9.541648395247342762e+01
9.549792227860260141e+01
9.527448892229948285e+01
9.543945373676626787e+01
9.545615903443379580e+01
9.535801541063709408e+01
9.529745870659233731e+01
9.513667021654241296e+01
9.539142600597214994e+01
9.538933784376369829e+01
9.551462757627012934e+01
9.544363006118314274e+01
9.568168055294535179e+01
9.544989454780848348e+01
9.544989454780848348e+01
9.550836308964480281e+01
9.522019670488003840e+01
9.550209860301947629e+01
9.535383908622021920e+01
9.550627492743636537e+01
9.539977865480589969e+01
9.547912881872665025e+01
9.545198271001692092e+01
9.543527741234939299e+01
9.552298022510387909e+01
9.555430265823049751e+01
9.551253941406167769e+01
9.535592724842865664e+01
9.530163503100921218e+01
9.538098519492994853e+01
9.547077616989287208e+01
9.540813130363966366e+01
9.538724968155526085e+01
9.533295746413581639e+01
9.540813130363966366e+01
9.541021946584811531e+01
9.543945373676626787e+01
9.544989454780848348e+01
9.560650671344149032e+01
9.538098519492994853e+01
9.544363006118314274e+01
9.553968552277140702e+01
9.558771325356552495e+01
9.542066027689031671e+01
9.546659984547599720e+01
9.557936060473177520e+01
9.567750422852847692e+01
9.567750422852847692e+01
9.558353692914866429e+01
9.539769049259746225e+01
9.559397774019086569e+01
9.544571822339159439e+01
9.546451168326755976e+01
9.563156465994278221e+01
9.544571822339159439e+01
9.555639082043893495e+01
9.552089206289544165e+01
9.556474346927269892e+01
9.558562509135710172e+01
9.569629768840442807e+01
9.561485936227526850e+01
9.566079893086094899e+01
9.559397774019086569e+01
9.557936060473177520e+01
9.553342103614609471e+01
9.545824719664223323e+01
9.547912881872665025e+01
9.548748146756040001e+01
9.557309611810646288e+01
9.566079893086094899e+01
9.559188957798241404e+01
9.561903568669214337e+01
9.554595000939673355e+01
9.542483660130719159e+01
9.569838585061287972e+01
9.571091482386351856e+01
9.565662260644405990e+01
9.576103071686608814e+01
9.566915157969471295e+01
9.574014909478168533e+01
9.554177368497984446e+01
9.568376871515378923e+01
9.564618179540185849e+01
9.572344379711415741e+01
9.561903568669214337e+01
9.559606590239930313e+01
9.569212136398755320e+01
9.550418676522792794e+01
9.575058990582388674e+01
9.569003320177911576e+01
9.569212136398755320e+01
9.559188957798241404e+01
9.573806093257324790e+01
9.563782914656810874e+01
9.572135563490571997e+01
9.558980141577397660e+01
9.566915157969471295e+01
9.567332790411158783e+01
9.575685439244921326e+01
9.567332790411158783e+01
9.558353692914866429e+01
9.567750422852847692e+01
9.570047401282131716e+01
9.558353692914866429e+01
9.572135563490571997e+01
9.571926747269728253e+01
9.570256217502975460e+01
9.573806093257324790e+01
9.562112384890058081e+01
9.574223725699012277e+01
9.562530017331745569e+01
9.562947649773434478e+01
9.563156465994278221e+01
9.569212136398755320e+01
9.559397774019086569e+01
9.570047401282131716e+01
9.576311887907452558e+01
9.576103071686608814e+01
9.571717931048884509e+01
9.553759736056296958e+01
9.572762012153104649e+01
9.567332790411158783e+01
9.548330514314351092e+01
9.566079893086094899e+01
9.556265530706424727e+01
9.576520704128296302e+01
9.562321201110903246e+01
9.560441855123306709e+01
9.542901292572406646e+01
9.571300298607195600e+01
9.558771325356552495e+01
9.574432541919856021e+01
9.576729520349141467e+01
9.559397774019086569e+01
9.557518428031490032e+01
9.570673849944664369e+01
9.562112384890058081e+01
9.575685439244921326e+01
9.569212136398755320e+01
9.568794503957067832e+01
9.562530017331745569e+01
9.557518428031490032e+01
9.566497525527782386e+01
9.581114660986865772e+01
9.573179644594792137e+01
9.576520704128296302e+01
9.577147152790828954e+01
9.571300298607195600e+01
9.571509114828039344e+01
9.573597277036479625e+01
9.584038088078682449e+01
9.566915157969471295e+01
9.566288709306938642e+01
9.567541606632002527e+01
9.572970828373948393e+01
9.560233038902461544e+01
9.578191233895049095e+01
9.566497525527782386e+01
9.564200547098498362e+01
9.574850174361544930e+01
9.569003320177911576e+01
9.574223725699012277e+01
9.578400050115892839e+01
9.572344379711415741e+01
9.582994006974460888e+01
9.577773601453361607e+01
9.580070579882645632e+01
9.582994006974460888e+01
9.580905844766020607e+01
9.575476623024076162e+01
9.565244628202719923e+01
