4.977761072480110016e+01
6.918916661446262140e+01
7.833114076301447426e+01
8.473135793188414766e+01
8.720165382446907643e+01
8.860281066633255875e+01
8.951533755142099835e+01
9.061579903526906321e+01
9.113366326296227271e+01
9.165361565286391965e+01
9.231347491073105971e+01
9.264340453966464395e+01
9.271649021696005377e+01
9.318632671385913113e+01
9.320720833594353394e+01
9.354131428929399306e+01
9.367704483284261130e+01
9.359769466892188916e+01
9.367495667063417386e+01
9.421161435820334873e+01
9.426381841341435575e+01
9.437449101046169631e+01
9.443713587671490473e+01
9.460001252897325230e+01
9.441207793021362704e+01
9.483388669631857226e+01
9.450395706738498802e+01
9.481300507423416946e+01
9.460627701559857883e+01
9.463759944872516883e+01
9.498632253753471844e+01
9.519096243396187162e+01
9.487773810269581531e+01
9.500929232182755868e+01
9.516172816304370485e+01
9.518052162291967022e+01
9.519931508279563559e+01
9.529537054438388566e+01
9.527031259788259376e+01
9.542483660130719159e+01
9.544989454780848348e+01
9.559188957798241404e+01
9.535801541063709408e+01
9.575476623024076162e+01
9.531416400425985103e+01
9.545615903443379580e+01
9.538098519492994853e+01
9.537472070830462201e+01
9.529954686880076054e+01
9.570882666165508112e+01
9.565453444423562246e+01
9.550418676522792794e+01
9.580488212324333119e+01
9.560859487564994197e+01
9.560859487564994197e+01
9.581323477207709516e+01
9.569838585061287972e+01
9.582994006974460888e+01
9.585499801624590077e+01
9.576729520349141467e+01
9.599699304641984554e+01
9.594061266679196365e+01
9.595940612666792902e+01
9.596149428887635224e+01
9.572344379711415741e+01
9.594270082900038688e+01
9.595105347783416505e+01
9.603457996617177628e+01
9.615151704984444336e+01
9.591764288249910919e+01
9.593434818016663712e+01
9.604710893942241512e+01
9.602622731733801231e+01
9.606799056150681793e+01
9.618701580738792245e+01
9.581741109649397004e+01
9.577773601453361607e+01
9.611393013009251263e+01
9.594896531562572761e+01
9.609304850800810982e+01
9.595940612666792902e+01
9.605546158825617908e+01
9.593852450458351200e+01
9.580070579882645632e+01
9.618283948297103336e+01
9.614316440101066519e+01
9.612228277892627659e+01
9.606172607488149140e+01
9.617239867192883196e+01
9.620998559168076270e+01
9.619954478063856129e+01
9.633109899977030466e+01
9.621416191609763757e+01
9.618492764517947080e+01
9.618492764517947080e+01
9.612645910334313726e+01
9.616404602309506799e+01
9.620580926726388782e+01
9.632065818872810326e+01
9.624130802480736691e+01
9.636450959510534631e+01
9.645221240785983241e+01
9.633736348639561697e+01
9.641671365031635332e+01
9.637912673056443680e+01
9.643759527240075613e+01
9.638121489277287424e+01
9.643968343460920778e+01
9.627680678235086020e+01
9.633945164860406862e+01
9.629142391780993648e+01
9.621207375388920013e+01
9.621416191609763757e+01
9.627680678235086020e+01
9.597819958654388017e+01
9.627889494455928343e+01
9.636868591952222118e+01
9.645221240785983241e+01
9.637703856835598515e+01
9.641462548810791588e+01
9.654200338282278437e+01
9.648771116540333992e+01
9.636033327068847143e+01
9.635824510848001978e+01
9.630395289106057533e+01
9.655244419386498578e+01
9.631648186431121417e+01
9.639583202823195052e+01
9.642715446135855473e+01
9.651068094969616595e+01
9.651068094969616595e+01
9.651903359852992992e+01
9.631857002651965161e+01
9.623921986259892947e+01
9.650024013865396455e+01
9.647309402994424943e+01
9.648562300319488827e+01
9.633109899977030466e+01
9.645430057006828406e+01
9.660047192465910371e+01
9.671532084612333335e+01
9.669443922403891634e+01
9.635406878406314490e+01
9.659420743803379139e+01
9.670488003508111774e+01
9.663179435778572213e+01
9.659003111361690230e+01
9.648562300319488827e+01
9.667564576416296518e+01
9.657750214036626346e+01
9.641253732589947845e+01
9.641044916369104101e+01
9.642506629915011729e+01
9.648562300319488827e+01
9.629351208001837392e+01
9.657959030257470090e+01
9.676126041470901384e+01
9.658167846478315255e+01
9.656079684269873553e+01
9.658167846478315255e+01
9.640627283927415192e+01
9.662135354674352072e+01
9.647518219215268687e+01
9.641253732589947845e+01
9.647309402994424943e+01
9.638121489277287424e+01
9.646265321890203381e+01
9.661091273570130511e+01
9.654409154503122181e+01
9.663388251999414535e+01
9.676752490133434037e+01
9.668191025078827749e+01
9.640627283927415192e+01
9.656497316711562462e+01
9.659420743803379139e+01
9.666520495312074956e+01
9.649606381423708967e+01
9.668817473741360402e+01
9.655870868049029809e+01
9.661717722232663164e+01
9.652529808515525644e+01
9.681137630771158342e+01
9.665476414207854816e+01
9.664014700661947188e+01
9.667355760195451353e+01
9.551045125185324025e+01
9.684896322746351416e+01
9.674873144145837500e+01
9.667564576416296518e+01
9.668399841299671493e+01
9.671740900833177079e+01
9.660256008686755536e+01
9.668817473741360402e+01
9.661717722232663164e+01
9.652947440957213132e+01
9.650441646307085364e+01
9.652529808515525644e+01
9.659420743803379139e+01
9.659629560024221462e+01
9.657750214036626346e+01
9.660464824907599279e+01
9.666938127753763865e+01
9.649397565202865223e+01
9.650232830086240199e+01
9.662970619557727048e+01
9.649606381423708967e+01
9.661091273570130511e+01
9.664849965545323585e+01
9.661508906011817999e+01
9.648771116540333992e+01
9.659629560024221462e+01
9.681972895654534739e+01
9.681346446992002086e+01
9.677378938795965269e+01
9.664014700661947188e+01
9.663597068220259700e+01
9.654409154503122181e+01
9.675708409029213897e+01
9.654200338282278437e+01
9.687610933617322928e+01
9.671114452170644427e+01
9.682390528096223647e+01
9.655453235607342322e+01
9.679049468562718062e+01
9.671949717054020823e+01
9.666729311532920121e+01
9.674246695483304848e+01
9.679467101004406970e+01
9.680302365887781946e+01
9.680511182108627111e+01
9.670696819728956939e+01
9.676126041470901384e+01
9.671949717054020823e+01
9.689281463384075721e+01
9.683434609200443788e+01
9.675290776587524988e+01
9.671740900833177079e+01
9.675917225250057641e+01
9.672158533274864567e+01
9.669235106183047890e+01
9.673411430599928451e+01
9.656706132932406206e+01
9.661508906011817999e+01
9.675499592808370153e+01
9.677170122575121525e+01
9.676126041470901384e+01
9.668608657520516658e+01
9.676334857691745128e+01
9.658167846478315255e+01
9.642924262356700638e+01
9.655870868049029809e+01
9.680093549666938202e+01
9.680511182108627111e+01
9.672784981937397220e+01
9.672367349495708311e+01
9.656706132932406206e+01
9.652112176073836736e+01
9.673620246820773616e+01
9.669235106183047890e+01
9.662135354674352072e+01
9.676334857691745128e+01
9.659838376245066627e+01
9.674664327924993756e+01
9.681555263212845830e+01
9.680093549666938202e+01
9.663597068220259700e+01
9.666520495312074956e+01
9.679467101004406970e+01
9.672158533274864567e+01
9.657123765374093693e+01
9.667355760195451353e+01
9.681346446992002086e+01
9.682599344317065970e+01
9.682390528096223647e+01
9.675917225250057641e+01
9.703063333959781289e+01
9.683434609200443788e+01
9.677378938795965269e+01
9.672784981937397220e+01
9.666520495312074956e+01
9.698260560880369496e+01
9.683643425421286111e+01
9.674664327924993756e+01
9.679884733446093037e+01
9.685105138967195160e+01
9.680928814550314598e+01
9.697216479776149356e+01
9.678631836121030574e+01
9.685313955188038904e+01
9.694293052684332679e+01
9.688655014721543068e+01
9.683643425421286111e+01
9.670279187287268030e+01
9.670279187287268030e+01
9.671532084612333335e+01
9.678631836121030574e+01
9.685940403850571556e+01
9.663597068220259700e+01
9.686149220071415300e+01
9.672576165716553476e+01
9.686149220071415300e+01
9.683016976758754879e+01
9.655035603165653413e+01
9.677378938795965269e+01
9.675499592808370153e+01
9.678423019900186830e+01
9.674664327924993756e+01
9.680719998329469433e+01
9.685731587629726391e+01
9.680511182108627111e+01
9.695337133788552819e+01
9.686775668733946532e+01
9.669861554845580542e+01
9.680511182108627111e+01
9.676543673912590293e+01
9.691996074255048654e+01
9.689699095825763209e+01
9.686566852513102788e+01
9.668817473741360402e+01
9.685940403850571556e+01
9.659838376245066627e+01
9.683643425421286111e+01
9.677378938795965269e+01
9.686358036292259044e+01
9.683852241642129854e+01
9.681764079433689574e+01
9.693248971580112539e+01
9.681972895654534739e+01
9.656914949153249950e+01
9.671114452170644427e+01
9.682390528096223647e+01
9.676126041470901384e+01
9.667773392637140262e+01
9.682181711875378483e+01
9.672576165716553476e+01
9.681764079433689574e+01
9.675917225250057641e+01
9.671114452170644427e+01
9.677170122575121525e+01
9.671323268391488170e+01
9.672784981937397220e+01
9.678840652341872897e+01
9.680302365887781946e+01
9.676752490133434037e+01
9.688655014721543068e+01
9.679675917225250714e+01
9.662761803336883304e+01
9.676126041470901384e+01
9.672576165716553476e+01
9.667982208857984006e+01
9.679884733446093037e+01
9.659838376245066627e+01
9.677378938795965269e+01
9.672993798158240963e+01
9.686358036292259044e+01
9.689072647163231977e+01
9.672576165716553476e+01
9.689072647163231977e+01
9.696590031113616703e+01
9.692204890475892398e+01
9.689699095825763209e+01
9.693248971580112539e+01
9.678840652341872897e+01
9.689490279604919465e+01
9.684687506525506251e+01
9.687193301175635440e+01
9.695128317567707654e+01
9.690743176929983349e+01
9.684478690304662507e+01
9.689072647163231977e+01
9.695337133788552819e+01
9.687819749838168093e+01
9.689699095825763209e+01
9.695337133788552819e+01
9.697425295996993100e+01
