11777551455349678155836195
16379197537947125918135625252
187635471852898925268
1888849167454477443742166528
12331641963342553951814
1663493781728535654672
16172968885411834472943941631
1381897743928772836694698
188916293941143762868
1285157273491582249267459652
1986632845641112162448334676
165558376187781442893886785652
11725792264384658317971564
1788728866715649491486
13955913264848122692926374
1837629434475475226421671367
12462434253868119152351188587
18685258693893333551743
121222269616273338132236
1734528247632986255377
144897319285689491714
1643484196385935267343557363
187626447311657547169854823
146784859818591246889
1725362439552574773713851491813
148222368811415976291751859569
1552979372513929836669365512476
19139226599143879216452854994
1131368928231347497395
112934972712219671953148333234
169639569234877447813546284196
1345685321899182375363474781994
1733232445829946253233558473
1423375191961311772689527
16418534644978956363722949
1766614415559266135173
14879556615517871279488694821
144852589694485139638759452275
191379248844784954965968693688
14194259625112653487321894
184916218384535799614988
129986335811198967767488467227
1641553839312177654834565
14781373115989973159595961799
18293338142328298754313284
122216823675618756181292
136687786656732752725782792817
1262673688812837276246359766
18812321432515311642196
1386214642818331283869
1687997159637396213923929332777
16247743426191447566113
1157297871828217333994727945
14254725915126113772557
158793151134677238768974629
1125742574355831866797697133
116497641865714239731
173345958151685175893
172936649692597916184724328882
17226496355329338978133111359
194255526371576925956213
191843248139995224846715981
11922844685232581671968521
186233288582432799783883688355
1178238143981243417948546545
199351443283445528392136
117726352573121713695422
11481593587394887196331
1838713593819435821678265517671
192338381491145639373216431
17318629936583223534642
149499547997327125118932
116264768738272796433849277
1657114781927964757193
16356481588437198999365
135979712477211892429331
125342934936396757772
12776549385315655948429153246
1487874851764379142971796
15598168453342386519437678917
1513238256344559539691591
12718764264757956247846946
14721643637265891569638473734
17778476185825823835294368
184158111139792254954
14344126535695143582429
1521321417241487322958973
125872469419715424539132145
1238395893449421353794851
1567257864446533958151189115
163697964418872928983
17395192122236797576371149162
171678726683563651253853
1836226795568899649131811
165883197833645184668
1982627772845836795852852
15626992861579317352687443744
169216521252568358726473489751
147511119932349944652166794267
171619421857478518686428564
18422956454577123937891
122322632338178355969118285
113863834223961136859165921
12575812912599963141988164
122831699869185196541643393851
18664234483595178964186
12736896997979943464968513557
163654376565397786877256795441
199235998357741425315259229
1753596239922344258938759
164286192875845268975841911
138275992525861773882845
1369646388871942715695244384436
198111365246189987244
1881861477317682894711
14264411259856718782973611
1822688152192432658544111328
13132277732381354839677971
121722183392671262592973486
16576727464545323512559
1954119376657914938885412126844
19369478346471755532331
1959936514356715121561347822
15465634425494856478678
1516473894588151966132575
146993648678439267591456
118391147153392953618339136
179577739218137389826
1719562599916462426643167
171285771328782254151261339
1552495479329896127548436878259
1872681991167553789889664175
135599275162326476558613511
181584999613668387181732
1926315191672761649295775455
161223676718332571259727777633
11772482762395212884365
1961426198655456825215
191533988521771619216321395969
1947695958864447298983
1262945354249639787353224254276
1886229522578312579387314371
1726644841937264168521
128769374314426778323757575759
145486335772252645128783826637
11814432294524348438332997726
17273154315268881988743
17444773678542546451735992856
177958967329786547546239941942
111619213199358679372
136481536796531684213273979
19979154155578763263972762
1418956396829883942969371
12192774167685262316436
167953472983539878322318233
122395536211857133816317628
197949546523629614845818
114645197161373118437
138639491179387264665
161766122683487882877
198353789277379356132957
14672149245468844691946922855
12212379449874979451326232
16377286359857976727814324535
143559996191347515414429
1525874176734433198726257575932
1668262198858115736127468
12724676311883762324411754
171716178292785661326
157166665578831552571973293
112283632967951829716
1887424866645858388415
1431995773689788254129744
179891871748788242888692496795
177753336692575262372529866417
11466686459976449871198
13314191365413981927353
15941698193885594661764
132671482421665775943517
168447689358843714347
149189375232213513633883
151284888369276874642435395826
154435713636225262267642788689
1521533346457163195342
1793526292681161775936
1258725383224839585919116
188829365851445293187612657524
176156151951798319831178619
183397395129659177355
1211559616877396653815519
1965725599123437826965661564
1678568812535146164247136187
1851298221749949875542659571
13577232727335963582925645352
178811738137562291577155
1243876549613752261699
145169911814557398327
1184365318383631111477281
118931946698842577856694971164
1332528727495363584167325
118484372563452854976326117
19545143911994984454912
1247643581214546338118654
1941428244836345655225
172467526267457591875179
175931935245742224537
19329364821269343569471957338
11514227571196743549331
1798844718514741591575668853
19177296236887588577878879
172851811795465364514974
128848729834974625273161
153688348156427897432986544
11319469237232313569238112
12566333962455349562531918185
15628652611727325726217
141933791578895441165124
1425675971431954291917459
1426492833332935841736686478374
19938614657845999723359
132277962265282672957566679
1215193572144868656559963166767
118753825749375171972
191973594681297896597
184875695424214676314678619899
11283352219776922174582493745
185635359475416855561998876
1423258374217837456688116226
1585864674443817135113318127558
13222834768596618348299652
1826859867269863455777
184879328497534594754215385
18659479281274612621353
1552379423796217934416468922
188886252495294986524
17669643161633268858945423114
132671923929599895569321
129356762476671119997
1475681739655273645863
19647415291392797754946499
113289672764258565628457
116784277824733789768883
1625991692359129446463935116
167879443664121311553335124632
166537353495458549277388655297
1423472822994819713148917697772
1747135911242853881824
1985797823634648794161728916771
17166417127753649948896768
144235686515628866486
13595469143869188368745144981
1476951374549613164723533218557
15486262342379336349526
144623139426762143721
1935273685533934127436
141877355453326584551
1563762199987671299426848692
146427752846688981548597
158738711879169255949
195462779122336421622122175791
1965411539524172989468385
1115649843392282529667252779499
147854975956946553839487427567
13928932186345842236417
188263445444689714411
15968397662512759836626
1546686668838433268128932
17656242426375776999418
152188732146511919642374531772
144323834271227118182185
1572662311599619615969775933734
11139792475965528345444534633
12474792665815145232354
182577787176761784284522
1333613359587787753492253936853
113653472836733151918547779
115354958411774162138
13485527466827164617792344296
14485865823762636428136
114186214121683296866244
18339542525984712587417867
1973633467132819917829314242
19981125158998782739742917398
12157943789847868395312
1529778423617938348484652
185292237344534384926977
19357188388679797632751277698
11875887792895542979749946621
1423126767995977277997983734994
1728324487375149389516
14629589524472382135939619788
142233221631756453718916
123191555998826867374574417715
19531496966366642638554767897
1531978522279516785989
1778152972557596369223
19869677521157474781154287827
1917626632942735759745576439294
17237439315856895689743
11836157775776374323221324942
19317194448732972631136516
12341391315441431857232
136849228372731312642252
156745313685478269147827817218
154928327794594497823346
1814697679946586245921616357
196498283273545391996362
15392831288395591216955
1318247496864379266852833744
168291539428449453244846
1245425645898444774257438622999
1382682433125583885365691
1882344733254784351269464692975
161759374719543146793751
14323895154486837376632254335
1958686982366334933876893241
1979179594674652567789361
162521687796218766179
1189743915537234144192573
1136724459224695165435832956
184299655719388629855239
179124264318262554175376
1571914311159574765771344
136237589366672572976189716
137613767313293275837825157681
1691646172793344688439
1395657585463153646248872243
19297459151158471484391872
139781938477229466177
19994394833518727774525
1424914685849543196323613374
1643168172488444665248
1546926522423161812878558618447
126465283979974392238477
199373815565135754744675
1851451116122942232211514937
146851499396822666952229618
13275239676751133386961
1646882996115712639555137
125965976954678836729
184133444992383187657611
176836781774428983525985824839
1568158691656186167416
1547871268376622945979
17476837374675825434572648
19665363368934752215649
172569253672614339737767
1151465119212716487941574
15213285832272558136992493752
156748299571188572188178816
1781731745694563718925459
156755419799935349952314982927
1951831364541792627538774785824
136349135846648362435
199996376628192539685633
17671516376435686268382
1448743184917181555967598
138395232768966548126
15667893565152577222136891
1153753886617147667735562373
148151729245681435765285
154214342491471649219
11786223152753896921941165
179719484838435516617
1183546964656894224345
15726365664565157795585
12252849346967185997421
13464354485514599512954899866
18936316566138177379696212594
162331239184116759968
1679569195555299634293214417712
18815785224941358764957448833
1613712774183915345746338
136773696133165392158
11698679968734188138635
16339991239938556621465
1911152673278118856488
198492762665938421725
19874422892548153947211778424
174265878883377184254
124244361148386174229475913852
146774852241259283831313773967
1545686718116392354269349392287
1436791986397863935234816747579
198771994992957831632681317717
181317224738139765147571989981
1665459195382495866572869643335
19834562694887814461863168224
1328149354238474958533
148871113446139748751335
1194672668525851357939495137635
1957163842774896288559
1425255438696118653629986416997
19583695336928968928383314
14925171387449617844775587
188555187765531716929887439
194478267529567395891833638428
12449548378339286288896691
172366764999392337742586
196887867768334469621384744
15589722684918419316791929
1193478832674838374252299
14821177144393376655185
19134622844249649147211
18148727985914399295218952
142659336543398887633225829239
175176518242152953979696233788
12458241521414924969746
1546289873282276635498222461
1957498134921238456987482654
154374358959426838369757625653
129697996748349771966264
16579752982522672226383322
194745332514545872256
19368648647142657732131238352
19857168575384832297171546
18666171651826787886297837859
1348492426438574237493915
1991341252519699578687236
1451468465648534276696594
14321873625671646142752
127966534647811273936729443
16111789931298418856231
161684412627792161546
1215869781731841449579
1261286732957761635194
11982282816176489483367457
14194759917668679486921876568
12926111297563269756228736277
17549391471252446473452
1495733683335176165349369
197676511642545884252128636746
1787513791942899123583
1519776242428418821455
135797319397867682532991268542
132344132864832632991
18178234879246599154923972
112361384799278481563376972429
13187314314231397789134573835
1737674666246845918277126918
1142455226348538293268845
1488489799374554978182485
1242853799961937876728998292775
15226627128973196491125
17465779926975487783755145
1925311984431713398493
11648672386136686161457147
166727637447115313782
1658589361723313287742
118314218727825765139539337
1843198813428632331752
174468616656463962372
1518335311682356655788853221247
1961293581833589728379
1258388918298164275521541384
15149171773235575946717
1886118877224433669911785
177913643563934655622781
186619768788625722636916388249
1564985489484324425637866229692
15943992734544172563396
11766875177487317466381687552
1537977779772113211275359722
19635684577437569775925487
137336589451247833781232776594
182868377837841716234
13397425315996851262432
12111419961436285593571874
18761489571658897267174
1954912979971692845954887341
1875657626266427835934692248562
118966254164483165589687685172
1473217424414655898348268932
14978156281211271229592618
1847297129545167186565759328998
16453318464628267316957295
1682113663334491754161659
1613619779167232869617448622181
129971429554526523171
15815895265319343476861959465
1869885229197939596873
171378364654327369334313497
11324381791883687513478695976
167796896343355971446
162321964121163554426
1777354998234348422168
16614811558973353158147321
195732489559117924212729
19784979424434276992895873
1635946393944682933428
1211956995519178543797893141861
144522382453455461666
1699116239339354824983438499
1135511513715211698876585298596
1477379611852368399726974788
1456387854794247396421321
15315619332241969792619
1892154664521111235186352335
17998984455234392759129
178873114336664397128
