2441714865525558348717335852
282477816749545365628216427631
22233692613159854213771437552
264646931352948148941429314
228126727257816994198718824
2424376626515544953351132
2242143577335199443616827
2972639529335692898117354
2524874345157431962662
216625685945348615851568111367
231393557975994344755198
272929232249583834417534
246679555621277689999516463
26893281631741291642565632
2744257158842917736715
24411477557718875288635289885
214157792664495388623293613941
2351552365734956488388612872
2529868826843769524129383498887
249672776143127319638888158664
239799118845597127596153266374
253777457266539154355129693
26161889413898746219541
2715284333439838627893999277987
246719628141467215517599685913
248357456634842985947136
255322453288598533399
26864151581131995884564
2268797294876161832463156
2625364166589324762591
2635883432961625349319789936589
25515943558819523929546
244224836219365318465
29484533743434869315367
2416978982267717396832677
2914317985596672517283785259632
28644776942393592248311843193
257869117495977615215552
286564846966559262522134
25552573278548782711784
264195845584381779378
27462311948577495171346514976
27635784655643543598791125641
27265632284795473737876521
28659632433334793928961561272
2948788891588188281268623796
2375659385449849748878
266177177773129279994
222113651118966196535181444
2587842243684331167224492435919
2592815141859918249634644546965
24679142123643646964376123897
26991112863541895697421932
22121648424379683297597614468
29974651749133736999549332
237662967698453759111668787398
2384599715366485132733
2898757453454375473181664446571
2718481717141523581575
271647567455912872349
27939146616789426482256
21849424154535255496788421
2787481797894734966285
2582552463697851424236374
233692655854192338764224
257213631637378615598872235343
29443626189998382916167453323
2162121358429763322781
2732756341739542928234376571125
226783356272281196883683622
221647281419613816312314
234444478559528633296267958915
2587738392657424355153
24981632687168292886368332989
284656192823617141171316
228747167285663326516895
2576897621481597217564244818923
264978358533324887289
2542458242891296965858628835397
2841975794677946578115
284375873912884329291
264425858392849191183186332275
29429577747987728695879
24499886366482564115656829216
2592816352572169519728614
215775444531167315638668745622
294487339547299559177
2225358491772172288131934796922
249945623388383614142292699
26743381899471363855997365888
265983688388281182485598842
25346734368692321167982514
24678819175978929461198
2242533872889448555797811764382
239929544783167433972219613794
2181563259319845118147884163
2346363537818932475593545
2799824292619888336413819437674
28988595541966244585124
269563587653282777916
287352883247239262712277452374
244927263681497412744991124944
26882423111976882626662149
2391241572655238642115288519
2838491382258956782475
2336615892894972626367798937217
264859349582158466191
2689546927862774987947
277745893681675978621424436
2511321279249192578991562231
228542112728578559947787
28967587467363534633935787
28322584185119247968889
251314358963161332418
25194827155318379589198148
24667143897763641568646232333
28516357258517919988254
2557341545778972219198
2921395858185792574943797655
271295521189118397811
2752916652337644383855
2389434941268755571675
236187642983533772922293
2163185734414991894376
29964264153465232462215684
2259566246685876785937847
295972352542948761714
295134444472248354453652
2418295224568227146929146112
25722724258875186415819977
2256247726274261637971
2121417319988239548547235474783
2594541494826888188152652661
2156323148554466328331987957322
2875842727717146416512852553535
28952689531983715619279458849
2633878969968181796946441575286
2483175879379244524349
2186938676871779594534
28917754538481957231173162
29749464451241952916877356
2715499952246118534937152324
25616292566844495585257412759
2814946464562689952733483757
2291234937492747152276873318118
247574961612394267597758
26685987577217346164122222319
22837894793936482966498535971
2888614191517329132397242519
228539361393914893584
228341644197388379526226
297381214355468759136144
289287529466991115863
2238799683549695956238256293
29534281971211515129489851
23718244515277291881482555
214132878375644221117
2762878726122583366384
245493463488535332317381971493
2649426727253511195795366
2929384928683958715597649381
25916187461564539673927718
28886138443917275455591667
28465962127327447193971
28379496586792767537734193
2949831641991951879865296964
24559789491469669695617
21488176979169296725976416725
2557993862574616981695382757126
25341627232872867986891995541
2851982321416817254622439438
245519968554483473773381468784
29345385161671143165776285136
28791614683746142323382122
24763474516416454747728
279245992296479629121112928
282489874817664643597696723357
224741628434941248469889262811
23996118629883366286337611
2713471675582477135251649522
259176762348346757969293321
27798998988859863452816759
256974286551879988781642
261778357648456561656832
2531715184341778621572258
28787963772143852225613143324
25457513418734314778865691754
276743766189245229733735
23167675799649961321567
25991717356648569441899122
26239577367767719955581864
29327521372673387727888633942
246161627465424681197
21784625523919917696975734
2278721955967669218385585711968
2367617438711231226618439882792
252286321194662214236261285255
24857646947495847978279
256834679784875441356241917
2562382589757877489885867346
262135135357446186329328426
2344314216186949236851436
231413274218863398148643
2498827161923572856576457216
22667799561716134236148379487
2445688776814153691532343
277917674955772659261717223662
238265798446228774646884792
27897348253567127954252832175
26572643594186853617893398637
218493776479178145827569341838
269645376335896438273785116686
263184264739169282447186
2964837367164259713273421284
2323285553652549853454799775
276733945293749495769774
2941832524478261352362168634763
2795634271168526314569742112
271839815114636116783995856
2173593478948685636539
27547472725327196552532546276
2394517664672715617967321917647
279594431375346619433143171
29569331228534945997816916
243137454337576372361642526449
2428518338732667318711486232346
27761453983595471538249982
25941249782613163361522
266442147839443632449
2535347358613515869241386769
2424461265723572491826995841985
2625847758424715749954647
2515877461477178122128
269751513254541134314672
23596437925626871411436
2296534592812676667891712
225648882618645133452595632675
2871282517456254635848886
29861856894336147256862
264294489371744316978923
2286415284313215287324
218451211975536153596995298365
2517175952649165557211761354953
24483785296157355734645
254822545721169848683575687
23422498279186499667689879
2299586943899219597837
27932791733353884231922
22288837775387622734323838934
22878734148397481282143418
26915322655337652728276755321
29194638794387595681728
2695299324431984686949321
216913444783717683736928382878
295458286344766984754196263
287838481454477784415114
29731864362755876791863646
274177743538238431536419186
24946552453462836247614
2735272631245313733286858
2215681179227675587756
286256594572913667297725343479
2556138623275584237874888826
28672257333244161671764657358
263789387564876648989866683583
2964162551256495589928133
297981839229411858525817115673
2746197118619411734151285
2454581597726289942944969336
2651492582936934972816
2747417128147992991155377
2371116221579344844931959
23822234399199586682557846
2623778567931494373695128386864
22447979612477927374368118246
29476194669726655885148
2998856528266241257155914
2647832369313394675569
28255462932735712745255965
28558188447231127431981
2929111173267484446633311
28915656439552885124249519
2236221763944158373738618
2434242274327753797875
29238395646812771333977976
243655947521414117919123649639
29117788226749969725256589
2333546454632684861499656274563
26435316683177723826942288
21367434981359249471665884
278248996951424513493
2683672387114516839887697
21816792816313266227259
29639539196332352454567581
234784371165339514244697
261591354743637171879988
29991371743933295654444814
241368597866697618349176937
259665974494175388929943792
259252224957448354425555625
2219347247789992329568994129
2125125457112794784671751896
21646188296915678631239
293229344613441615464866355
2864874656353163259977981833228
24355689735174628334466679
23899339973884871736394
2526591682833966966796
262121559277525377829
2318724748618736518298191
25599538742526916651583421
218416487612618418984852425
299738578538361645471879
2845252371851129855941289
2267669658653851321496867
2593776198761232897182
2168654962264281651546184649
25162399599765768294112663
2154451715984279246798
2666828794992246893555
243242639454359495546332423
286458328573575569572646
267637738937849516559235
2854181623521977724323
2739754791284615171581333588761
2772297723255555289843963114979
29941777557914186242994
2417791439289382653979585531
2889587592325738827918933121
254963361588416857912
2929539372956726822394543693131
263341185859663766183674
294237782487865896265
2862671795771141156183217686492
237138662828482727225
2438265227799377993647
2868759259288361476158
21784699592621529497491
222239912886151441116
282969343226222286936275
24365248881449831737176512
2176734315875351181285129
21632877173479418319546271771
2919277882931151236794433278
239886221335634171332142
2991456184655343154982571
2244765241294896375359465
2417961954283591339918181
218344588571695841637728
21155218261642184923537613
2678267616458988148528327366
2724791532134376948299489555
264228398746376692427282743
233471631193575372813582717639
27193515543583371394129
2731395448431928617385881353255
242753154671143634994
2928452849747392245858547
2729313945473575813832
2986534195535673147884334
255516578192252352822721
2174238938829812592749181427
2789425273273541823884593711828
26715711132162593764743812
2891575112491127516633836438
236696856681432568554315
2456988626346491291876563
229579374237867482377
2121761936992523681792827
284418351344641169668763
2555497995328171975573242
231296994895184657725542945
2755218554624724314994951161
286192322283299957867253861
216376898536366256112327168491
2396993638127411467591
243783569685546247619836724178
253336769291167431462575677
224757357717266367261245
274799424364615717588
2285812876251697334628797745
258815891454791425266877957539
2466857668312775761747
252726262979427617875385
2576752248981682735379134465576
243216156365465423269
258423362988522139663889489
26314694613658356531574491221
235716457279534473286197746
281488368221849957544154142
2941844495117312515826782
27888476875612648694762655
2542714944766726873352883
212916215688465642879589
26374714366228492575182173911
29854994714223966386822169148
239959876211921586381978139
276889967685787745862
2392154225213721495313
25415929273553655477477
2818726992518121278414
2947672753511672656452473457
2245941687962553147448562
231757396985787916642162
2261143485111171975553111
23955428455636324738815733
27971794863193967419632618124
228966637291979413633312
247761221164264768638424
2652593583865675734359
22298933113185223291215486
2492264994365473151786721
236259654158387359784271
25985454671845789224217412
227335956288264123587165287463
245515568296171315649431
23737959555157724238426124
25785217717458176152432279828
2693291179939197383918976
28443741746647457522596787
285732672155861487856
2429915222348954195184837
2781737511432472178423827
2177886687686293579671
2117618939252432743492654319368
259665132319787569242631388893
27424595548339227712425754
2283153364682371474639812939314
288382268848425277832211649
25595123167619949844565915
242768994281281334427995548
2881762896498755671547124
2984435654354793152899161899273
271778852325616674111147
2765456577175952342988545845223
2986178972128722935277759
289831331641564211259
2562688322356352147857872139
2213912994949562855379797642567
22551255529641459612577669645
241849516459751874846691
2184248842137452261856
216298151745524763255261
2243195714994298599683452
274856836357321875945692414445
2646178963575162917845248781935
242616747168671393676557
25386488637462859662255
26348655975484221649958148253
299489859519519426551829
2755882345644792348155
2922688731296634277599813469
296241597157239193341
2355433774756955561215944475316
21113472556266869914227317
2225672221771155338756213
298375274666746648893486
26788813441573516765478
2655177878883294165647732177
219841112548657696313829
267595673676545989311132349
2788124269969692618285598
2942619488115239592269
2426119989912674967575
231215722614455346655277114
225824858934727722337515
2952578885194344344711331
2961591293595928722164962919
276175362382182479276224582394
2593559743733713577616224478
251265597821529339687235
283778284912869931642168
28991958482218366396764
249316417134638582696381
2932953584576192749365
229335986332271475527958827158
21895313673419625861266818923
28623121578626816595955
2336993998658147552123366
29415298629998779519486
21787622682139845552455415
225556771583258714529934719719
21289782365597284468231298868
286119193481768555858751352942
299837686282657139273
246826118252268782394883536269
21891966628834296569532
275745553383327373334578
289673285533858256182719415519
2339173919771483353513465
2525291643218459171229328
24643733989736656929412
231815446323295775494741262
2481186513755782419156475
2371442859589618126163829371
229429396344277236267
291866267753365215773435918
246157857196829897493427
23376917928447679755968372827
217996482617459441851345275
